490
361
171
822
297
482
13
704
599
164
649
11
73
286
554
6
648
399
749
545
13
204
318
693
399
304
102
207
480
780
644
275
14
954
249
790
501
547
809
606
297
927
424
156
60
983
256
207
281
456
413
498
561
750
182
267
118
893
597
840
836
107
647
471
945
451
214
790
291
837
707
193
397
568
401
705
200
202
31
949
361
98
709
483
563
695
122
497
914
476
102
199
104
221
138
257
188
436
229
52
377
200
597
544
131
935
602
342
508
748
617
901
184
513
204
999
782
922
869
598
596
701
970
452
631
817
57
398
885
10
288
305
34
112
273
120
959
657
823
356
32
657
753
372
364
349
106
513
551
366
228
917
464
655
737
58
62
219
832
922
192
303
946
996
737
333
729
824
517
89
724
2
829
172
266
123
434
149
39
171
44
662
734
782
270
153
283
58
217
581
170
306
689
753
613
454
885
392
316
956